image_width: 640
image_height: 480
camera_name: usb_cam
camera_matrix:
  rows: 3
  cols: 3
  data: [346.648041, 0.000000, 332.980702, 0.000000, 346.602193, 228.218510, 0.000000, 0.000000, 1.000000]
distortion_model: plumb_bob
distortion_coefficients:
  rows: 1
  cols: 5
  data: [-0.332243, 0.099759, 0.002277, -0.000508, 0.000000]
rectification_matrix:
  rows: 3
  cols: 3
  data: [1.000000, 0.000000, 0.000000, 0.000000, 1.000000, 0.000000, 0.000000, 0.000000, 1.000000]
projection_matrix:
  rows: 3
  cols: 4
  data: [261.025757, 0.000000, 333.288711, 0.000000, 0.000000, 281.010010, 224.933800, 0.000000, 0.000000, 0.000000, 1.000000, 0.000000]
