image_width: 640
image_height: 480
camera_name: usb_cam
camera_matrix:
  rows: 3
  cols: 3
  data: [354.766768, 0.000000, 322.599293, 0.000000, 354.663804, 264.571076, 0.000000, 0.000000, 1.000000]
distortion_model: plumb_bob
distortion_coefficients:
  rows: 1
  cols: 5
  data: [-0.339249, 0.102697, 0.003838, -0.002636, 0.000000]
rectification_matrix:
  rows: 3
  cols: 3
  data: [1.000000, 0.000000, 0.000000, 0.000000, 1.000000, 0.000000, 0.000000, 0.000000, 1.000000]
projection_matrix:
  rows: 3
  cols: 4
  data: [264.876953, 0.000000, 318.834553, 0.000000, 0.000000, 284.623383, 280.408188, 0.000000, 0.000000, 0.000000, 1.000000, 0.000000]
